cmake_minimum_required(VERSION 3.13)

set(CMAKE_C_FLAGS "$ENV{CFLAGS} -std=c89 -pipe -O2 -march=native")
set(CMAKE_C_FLAGS "${CMAKE_C_FLAGS} -Wall -Wextra -Wpedantic -Wundef")
set(CMAKE_CXX_FLAGS "$ENV{CXXFLAGS} -std=c++17 -pipe -O2 -march=native")
set(CMAKE_CXX_FLAGS "${CMAKE_CXX_FLAGS} -Wall -Wextra -Wpedantic -Wundef")

# test
project(owl)
add_subdirectory(fhelib)

add_executable(test test.c ksw.h ksw.c)
target_compile_options(test PRIVATE -fsanitize=address)
target_link_options(test PRIVATE -fsanitize=address)
target_link_libraries(test tiifhe)

# benchmarks
set(PARAM0 "16384;\"1073643521\";18014398508400641,18014398508138497,18014398507614209,18014398507220993;18014398506827777,18014398506729473,18014398505943041,18014398504206337;1;72057594037370881,72057594037338113,72057594036879361,72057594036551681,72057594036256769,72057594035306497,72057594034913281,72057594033012737,72057594031964161,72057594031865857,72057594031276033,72057594031144961;1;0")
set(PARAM1 "16384;\"1073643521\";18014398508400641,18014398508138497,18014398507614209,18014398507220993;18014398506827777,18014398506729473;2;72057594037370881,72057594037338113,72057594036879361,72057594036551681,72057594036256769,72057594035306497,72057594034913281,72057594033012737;1;0")
set(PARAM2 "16384;\"1073643521\";72057594037370881,72057594037338113,72057594036879361,72057594036551681,72057594036256769;140737488125953,140737487306753,140737486716929;2;288230376150630401,288230376149975041,288230376147582977,288230376147386369,288230376147320833,288230376145453057,288230376144568321,288230376143781889,288230376143650817,288230376142962689;1;0")
set(PARAM3 "16384;\"1073643521\";18014398508400641,18014398508138497,18014398507614209,18014398507220993,18014398506827777,18014398506729473;18014398505943041,18014398504206337;3;72057594037370881,72057594037338113,72057594036879361,72057594036551681,72057594036256769,72057594035306497,72057594034913281,72057594033012737,72057594031964161,72057594031865857;1;0")
set(PARAM4 "16384;\"1073643521\";144115188075593729,144115188075134977,144115188071170049,144115188070809601,144115188070776833,144115188070023169;34359410689,34359214081;5;36028797017456641,36028797016178689,36028797014704129,36028797014573057,36028797014376449,36028797014081537,36028797013327873,36028797013098497,36028797013000193;1;0")
set(PARAM5 "16384;\"1073643521\";4503599626682369,4503599626321921,4503599625830401,4503599625535489,4503599625404417,4503599624847361,4503599624716289;2147352577,2146959361;6;72057594037370881,72057594037338113,72057594036879361,72057594036551681,72057594036256769,72057594035306497,72057594034913281,72057594033012737,72057594031964161;1;0")
set(PARAM6 "32768;\"1073479681\";18014398506729473,18014398505943041,18014398499848193,18014398498799617,18014398498275329,18014398496440321,18014398496243713,18014398495457281;18014398492704769,18014398492311553,18014398491918337,18014398490017793,18014398489755649,18014398487068673,18014398485823489,18014398485495809;1;1152921504606584833,1152921504598720513,1152921504597016577,1152921504595968001,1152921504595640321,1152921504593412097,1152921504592822273,1152921504592429057,1152921504589938689,1152921504586530817,1152921504585547777,1152921504583647233,1152921504581877761,1152921504581419009,1152921504580894721,1152921504578666497,1152921504578273281,1152921504577748993,1152921504577486849,1152921504575979521,1152921504574799873,1152921504574013441;1;0")
set(PARAM7 "32768;\"1073479681\";18014398506729473,18014398505943041,18014398499848193,18014398498799617,18014398498275329,18014398496440321,18014398496243713,18014398495457281;18014398492704769,18014398492311553,18014398491918337,18014398490017793;2;576460752301785089,576460752301391873,576460752300015617,576460752298835969,576460752298180609,576460752293134337,576460752291954689,576460752290775041,576460752290119681,576460752289923073,576460752289529857,576460752289005569,576460752288940033,576460752286253057,576460752284418049;1;0")
set(PARAM8 "32768;\"1073479681\";72057594037338113,72057594036879361,72057594036551681,72057594035306497,72057594034913281,72057594033012737,72057594031964161,72057594030981121,72057594029015041,72057594027704321;72057594027245569,72057594023903233,72057594021609473,72057594021150721,72057594020626433;2;1152921504606584833,1152921504598720513,1152921504597016577,1152921504595968001,1152921504595640321,1152921504593412097,1152921504592822273,1152921504592429057,1152921504589938689,1152921504586530817,1152921504585547777,1152921504583647233,1152921504581877761,1152921504581419009,1152921504580894721,1152921504578666497,1152921504578273281,1152921504577748993,1152921504577486849;1;0")
set(PARAM9 "32768;\"1073479681\";576460752301785089,576460752301391873,576460752300015617,576460752298835969,576460752298180609,576460752293134337,576460752291954689,576460752290775041,576460752290119681,576460752289923073,576460752289529857;36028797017456641,36028797014704129,36028797014573057,36028797014376449;3;576460752289005569,576460752288940033,576460752286253057,576460752284418049,576460752280158209,576460752279764993,576460752279306241,576460752273801217,576460752272228353,576460752271245313,576460752270327809,576460752267509761,576460752266002433,576460752265740289,576460752265543681,576460752265347073,576460752261677057,576460752261021697,576460752260694017;1;0")
set(PARAM10 "32768;\"1073479681\";144115188075593729,144115188075134977,144115188070809601,144115188070023169,144115188068319233,144115188068253697,144115188067729409,144115188066091009,144115188065959937,144115188065566721,144115188063338497,144115188062814209;70368743587841,70368742408193,70368740769793;5;288230376147582977,288230376147386369,288230376147320833,288230376144568321,288230376143781889,288230376143650817,288230376138735617,288230376135917569,288230376135196673,288230376134606849,288230376133427201,288230376132182017,288230376131854337,288230376131788801,288230376129691649,288230376129232897,288230376128839681;1;0")
set(PARAM11 "32768;\"1073479681\";72057594037338113,72057594036879361,72057594036551681,72057594035306497,72057594034913281,72057594033012737,72057594031964161,72057594030981121,72057594029015041,72057594027704321,72057594027245569,72057594023903233,72057594021609473;2199023190017,2199022927873,2199022010369;6;576460752301785089,576460752301391873,576460752300015617,576460752298835969,576460752298180609,576460752293134337,576460752291954689,576460752290775041,576460752290119681,576460752289923073,576460752289529857,576460752289005569,576460752288940033,576460752286253057,576460752284418049,576460752280158209,576460752279764993;1;0")
set(PARAM12 "32768;\"1073479681\";1152921504606584833,1152921504598720513,1152921504597016577,1152921504595968001,1152921504595640321,1152921504593412097,1152921504592822273,1152921504592429057,1152921504589938689,1152921504586530817,1152921504585547777,1152921504583647233,1152921504581877761;549755486209,549754109953;10;1152921504581419009,1152921504580894721,1152921504578666497,1152921504578273281,1152921504577748993,1152921504577486849,1152921504575979521,1152921504574799873,1152921504574013441,1152921504570802177,1152921504570277889,1152921504569294849,1152921504568836097,1152921504568442881,1152921504568115201,1152921504565559297;1;0")
set(PARAM13 "65536;\"1073479681\";1152921504606584833,1152921504598720513,1152921504597016577,1152921504595968001,1152921504592822273,1152921504592429057,1152921504589938689,1152921504586530817,1152921504583647233,1152921504581419009,1152921504580894721,1152921504578666497,1152921504578273281;72057594036879361,72057594035306497,72057594034913281,72057594030981121,72057594029015041,72057594027704321,72057594023903233;2;576460752300015617,576460752298835969,576460752298180609,576460752289923073,576460752289529857,576460752289005569,576460752286253057,576460752284418049,576460752279306241,576460752273801217,576460752272228353,576460752267509761,576460752265543681,576460752260694017,576460752259645441,576460752254795777,576460752253747201,576460752253616129,576460752250601473,576460752249683969,576460752248635393,576460752247717889,576460752246276097,576460752241033217,576460752236445697,576460752232906753,576460752223469569;1;0")
set(PARAM14 "65536;\"1073479681\";144115188075593729,144115188068253697,144115188067729409,144115188062617601,144115188059865089,144115188057243649,144115188050952193,144115188049379329,144115188048986113,144115188047675393,144115188044660737,144115188038762497,144115188029325313,144115188026441729,144115188022640641;144115188022509569,144115188017135617,144115188015431681,144115188015169537,144115188014645249,144115188011499521,144115188005732353,144115188004421633,144115188002062337,144115188001800193,144115188000227329,144115187998130177,144115187995115521,144115187994198017,144115187991183361;1;1152921504606584833,1152921504598720513,1152921504597016577,1152921504595968001,1152921504592822273,1152921504592429057,1152921504589938689,1152921504586530817,1152921504583647233,1152921504581419009,1152921504580894721,1152921504578666497,1152921504578273281,1152921504577748993,1152921504577486849,1152921504570802177,1152921504570277889,1152921504568836097,1152921504568442881,1152921504565559297,1152921504565166081,1152921504563724289,1152921504563331073,1152921504559267841,1152921504556515329,1152921504555466753,1152921504555073537,1152921504554156033,1152921504552583169,1152921504542883841,1152921504541704193,1152921504538951681,1152921504538820609,1152921504537378817,1152921504532267009,1152921504531873793,1152921504526237697,1152921504521650177,1152921504515227649,1152921504514441217,1152921504510509057,1152921504509853697,1152921504508280833;1;0")
set(PARAM15 "65536;\"1073479681\";144115188075593729,144115188068253697,144115188067729409,144115188062617601,144115188059865089,144115188057243649,144115188050952193,144115188049379329,144115188048986113,144115188047675393,144115188044660737,144115188038762497,144115188029325313,144115188026441729,144115188022640641;18014398506729473,18014398505943041,18014398496243713,18014398495457281,18014398492704769,18014398492311553,18014398491918337,18014398487068673;2;1152921504606584833,1152921504598720513,1152921504597016577,1152921504595968001,1152921504592822273,1152921504592429057,1152921504589938689,1152921504586530817,1152921504583647233,1152921504581419009,1152921504580894721,1152921504578666497,1152921504578273281,1152921504577748993,1152921504577486849,1152921504570802177,1152921504570277889,1152921504568836097,1152921504568442881,1152921504565559297,1152921504565166081,1152921504563724289,1152921504563331073,1152921504559267841,1152921504556515329,1152921504555466753,1152921504555073537,1152921504554156033,1152921504552583169;1;0")
set(PARAM16 "65536;\"1073479681\";576460752300015617,576460752298835969,576460752298180609,576460752289923073,576460752289529857,576460752289005569,576460752286253057,576460752284418049,576460752279306241,576460752273801217,576460752272228353,576460752267509761,576460752265543681,576460752260694017,576460752259645441,576460752254795777,576460752253747201,576460752253616129,576460752250601473;144115188075593729,144115188068253697,144115188067729409,144115188062617601,144115188059865089,144115188057243649,144115188050952193,144115188049379329,144115188048986113,144115188047675393;2;1152921504606584833,1152921504598720513,1152921504597016577,1152921504595968001,1152921504592822273,1152921504592429057,1152921504589938689,1152921504586530817,1152921504583647233,1152921504581419009,1152921504580894721,1152921504578666497,1152921504578273281,1152921504577748993,1152921504577486849,1152921504570802177,1152921504570277889,1152921504568836097,1152921504568442881,1152921504565559297,1152921504565166081,1152921504563724289,1152921504563331073,1152921504559267841,1152921504556515329,1152921504555466753,1152921504555073537,1152921504554156033,1152921504552583169,1152921504542883841,1152921504541704193,1152921504538951681,1152921504538820609,1152921504537378817,1152921504532267009,1152921504531873793,1152921504526237697,1152921504521650177;1;0")
set(PARAM17 "65536;\"1073479681\";576460752300015617,576460752298835969,576460752298180609,576460752289923073,576460752289529857,576460752289005569,576460752286253057,576460752284418049,576460752279306241,576460752273801217,576460752272228353,576460752267509761,576460752265543681,576460752260694017,576460752259645441,576460752254795777,576460752253747201,576460752253616129,576460752250601473,576460752249683969,576460752248635393,576460752247717889;36028797014376449,36028797013327873,36028797010444289,36028797005856769,36028797001138177,36028796997599233,36028796996681729,36028796992749569;3;1152921504606584833,1152921504598720513,1152921504597016577,1152921504595968001,1152921504592822273,1152921504592429057,1152921504589938689,1152921504586530817,1152921504583647233,1152921504581419009,1152921504580894721,1152921504578666497,1152921504578273281,1152921504577748993,1152921504577486849,1152921504570802177,1152921504570277889,1152921504568836097,1152921504568442881,1152921504565559297,1152921504565166081,1152921504563724289,1152921504563331073,1152921504559267841,1152921504556515329,1152921504555466753,1152921504555073537,1152921504554156033,1152921504552583169,1152921504542883841,1152921504541704193,1152921504538951681,1152921504538820609,1152921504537378817,1152921504532267009,1152921504531873793,1152921504526237697;1;0")
set(PARAM18 "65536;\"1073479681\";1152921504606584833,1152921504598720513,1152921504597016577,1152921504595968001,1152921504592822273,1152921504592429057,1152921504589938689,1152921504586530817,1152921504583647233,1152921504581419009,1152921504580894721,1152921504578666497,1152921504578273281,1152921504577748993,1152921504577486849,1152921504570802177,1152921504570277889,1152921504568836097,1152921504568442881,1152921504565559297,1152921504565166081,1152921504563724289,1152921504563331073;72057594036879361,72057594035306497,72057594034913281,72057594030981121,72057594029015041;5;1152921504559267841,1152921504556515329,1152921504555466753,1152921504555073537,1152921504554156033,1152921504552583169,1152921504542883841,1152921504541704193,1152921504538951681,1152921504538820609,1152921504537378817,1152921504532267009,1152921504531873793,1152921504526237697,1152921504521650177,1152921504515227649,1152921504514441217,1152921504510509057,1152921504509853697,1152921504508280833,1152921504507363329,1152921504506970113,1152921504505528321,1152921504503955457,1152921504495697921,1152921504491241473,1152921504490586113,1152921504488620033,1152921504488226817,1152921504479444993,1152921504477216769,1152921504474857473,1152921504470794241;1;0")
set(PARAM19 "65536;\"1073479681\";576460752300015617,576460752298835969,576460752298180609,576460752289923073,576460752289529857,576460752289005569,576460752286253057,576460752284418049,576460752279306241,576460752273801217,576460752272228353,576460752267509761,576460752265543681,576460752260694017,576460752259645441,576460752254795777,576460752253747201,576460752253616129,576460752250601473,576460752249683969,576460752248635393,576460752247717889,576460752246276097,576460752241033217,576460752236445697;1125899903827969,1125899902124033,1125899887312897,1125899886395393,1125899885740033;6;576460752232906753,576460752223469569,576460752221765633,576460752220192769,576460752217178113,576460752215605249,576460752213639169,576460752213245953,576460752209182721,576460752207347713,576460752205381633,576460752204595201,576460752204070913,576460752195813377,576460752194633729,576460752192798721,576460752191225857,576460752186769409,576460752182444033,576460752181657601,576460752178118657,576460752176545793,576460752176283649,576460752167632897,576460752165666817,576460752155443201,576460752154525697,576460752154263553,576460752149938177,576460752149544961,576460752146268161,576460752144039937,576460752141156353,576460752139190273;1;0")
set(PARAM20 "65536;\"1073479681\";1152921504606584833,1152921504598720513,1152921504597016577,1152921504595968001,1152921504592822273,1152921504592429057,1152921504589938689,1152921504586530817,1152921504583647233,1152921504581419009,1152921504580894721,1152921504578666497,1152921504578273281,1152921504577748993,1152921504577486849,1152921504570802177,1152921504570277889,1152921504568836097,1152921504568442881,1152921504565559297,1152921504565166081,1152921504563724289,1152921504563331073,1152921504559267841,1152921504556515329,1152921504555466753;4503599626321921,4503599625535489,4503599625404417;10;576460752300015617,576460752298835969,576460752298180609,576460752289923073,576460752289529857,576460752289005569,576460752286253057,576460752284418049,576460752279306241,576460752273801217,576460752272228353,576460752267509761,576460752265543681,576460752260694017,576460752259645441,576460752254795777,576460752253747201,576460752253616129,576460752250601473,576460752249683969,576460752248635393,576460752247717889,576460752246276097,576460752241033217,576460752236445697,576460752232906753,576460752223469569,576460752221765633,576460752220192769,576460752217178113,576460752215605249,576460752213639169;1;0")
set(PARAM21 "131072;\"1073479681\";1152921504606584833,1152921504598720513,1152921504592429057,1152921504581419009,1152921504580894721,1152921504578273281,1152921504577748993,1152921504577486849,1152921504568836097,1152921504565166081,1152921504563331073,1152921504556515329,1152921504555466753,1152921504554156033,1152921504552583169,1152921504542883841,1152921504538951681,1152921504537378817,1152921504531873793,1152921504521650177,1152921504509853697,1152921504508280833,1152921504506970113,1152921504495697921,1152921504491241473,1152921504488620033;1152921504479444993,1152921504470794241,1152921504468172801,1152921504462929921,1152921504462667777,1152921504455589889,1152921504447987713,1152921504442482689,1152921504436191233,1152921504427278337,1152921504419414017,1152921504409190401,1152921504403947521;2;1152921504396869633,1152921504395821057,1152921504373014529,1152921504369344513,1152921504368558081,1152921504364625921,1152921504362790913,1152921504361218049,1152921504353615873,1152921504337887233,1152921504337625089,1152921504321372161,1152921504314032129,1152921504303022081,1152921504301449217,1152921504288342017,1152921504287293441,1152921504286769153,1152921504282836993,1152921504274972673,1152921504266321921,1152921504256622593,1152921504253739009,1152921504245088257,1152921504241942529,1152921504240107521,1152921504239583233,1152921504238010369,1152921504234078209,1152921504231718913,1152921504230670337,1152921504227524609,1152921504214417409,1152921504207339521,1152921504205504513,1152921504204193793,1152921504190824449,1152921504179552257,1152921504177192961,1152921504176668673,1152921504174309377,1152921504172474369,1152921504164872193,1152921504162512897,1152921504139706369,1152921504134987777,1152921504132628481,1152921504122142721,1152921504120832001,1152921504116899841,1152921504105627649,1152921504101957633,1152921504100384769;1;0")
set(PARAM22 "65536;\"1073479681\";288230376147386369,288230376138735617,288230376135196673,288230376132182017,288230376131788801,288230376129691649,288230376128643073,288230376126545921,288230376122613761,288230376121434113,288230376121040897,288230376118026241,288230376115535873,288230376114487297,288230376110817281,288230376105312257,288230376099807233,288230376097841153,288230376097185793,288230376096268289,288230376093646849,288230376090894337,288230376080146433,288230376079491073,288230376072675329,288230376066908161,288230376064811009,288230376061796353;8796090007553,8796087386113;19;576460752300015617,576460752298835969,576460752298180609,576460752289923073,576460752289529857,576460752289005569,576460752286253057,576460752284418049,576460752279306241,576460752273801217,576460752272228353,576460752267509761,576460752265543681,576460752260694017,576460752259645441,576460752254795777,576460752253747201,576460752253616129,576460752250601473,576460752249683969,576460752248635393,576460752247717889,576460752246276097,576460752241033217,576460752236445697,576460752232906753,576460752223469569,576460752221765633,576460752220192769,576460752217178113,576460752215605249;1;0")
set(PARAM23 "131072;\"1073479681\";288230376135196673,288230376131788801,288230376129691649,288230376128643073,288230376126545921,288230376122613761,288230376121040897,288230376115535873,288230376114487297,288230376110817281,288230376105312257,288230376099807233,288230376097185793,288230376090894337,288230376080146433,288230376061796353,288230376059437057,288230376051048449,288230376042397697,288230376024834049,288230376020901889,288230376019591169,288230376011726849,288230376008581121,288230375999143937,288230375985512449,288230375984988161,288230375972405249;288230375970045953,288230375951695873,288230375946452993,288230375942520833,288230375940161537,288230375933870081,288230375932297217,288230375930462209,288230375925743617,288230375917355009,288230375916568577,288230375909490689,288230375902150657,288230375883538433;2;1152921504606584833,1152921504598720513,1152921504592429057,1152921504581419009,1152921504580894721,1152921504578273281,1152921504577748993,1152921504577486849,1152921504568836097,1152921504565166081,1152921504563331073,1152921504556515329,1152921504555466753,1152921504554156033,1152921504552583169,1152921504542883841,1152921504538951681,1152921504537378817,1152921504531873793,1152921504521650177,1152921504509853697,1152921504508280833,1152921504506970113,1152921504495697921,1152921504491241473,1152921504488620033,1152921504479444993,1152921504470794241,1152921504468172801,1152921504462929921,1152921504462667777,1152921504455589889,1152921504447987713,1152921504442482689,1152921504436191233,1152921504427278337,1152921504419414017,1152921504409190401,1152921504403947521,1152921504396869633,1152921504395821057,1152921504373014529,1152921504369344513,1152921504368558081,1152921504364625921,1152921504362790913,1152921504361218049,1152921504353615873,1152921504337887233,1152921504337625089,1152921504321372161,1152921504314032129,1152921504303022081,1152921504301449217,1152921504288342017;1;0")
set(PARAM24 "131072;\"1073479681\";576460752300015617,576460752298180609,576460752289529857,576460752289005569,576460752279306241,576460752273801217,576460752272228353,576460752267509761,576460752260694017,576460752259645441,576460752253616129,576460752249683969,576460752248635393,576460752246276097,576460752241033217,576460752232906753,576460752223469569,576460752217178113,576460752215605249,576460752213245953,576460752205381633,576460752204595201,576460752204070913,576460752194633729,576460752192798721,576460752191225857,576460752186769409,576460752178118657,576460752176545793;576460752176283649,576460752167632897,576460752154525697,576460752154263553,576460752149544961,576460752144039937,576460752141156353,576460752134864897,576460752129359873,576460752127000577,576460752118874113,576460752114155521,576460752093184001,576460752086630401,576460752085843969,576460752075882497,576460752070115329,576460752066445313,576460752060940289,576460752058318849,576460752057532417,576460752055173121,576460752052289537,576460752044425217,576460752044163073,576460752042852353,576460752040230913,576460752034988033,576460752012705793;1;1152921504606584833,1152921504598720513,1152921504592429057,1152921504581419009,1152921504580894721,1152921504578273281,1152921504577748993,1152921504577486849,1152921504568836097,1152921504565166081,1152921504563331073,1152921504556515329,1152921504555466753,1152921504554156033,1152921504552583169,1152921504542883841,1152921504538951681,1152921504537378817,1152921504531873793,1152921504521650177,1152921504509853697,1152921504508280833,1152921504506970113,1152921504495697921,1152921504491241473,1152921504488620033,1152921504479444993,1152921504470794241,1152921504468172801,1152921504462929921,1152921504462667777,1152921504455589889,1152921504447987713,1152921504442482689,1152921504436191233,1152921504427278337,1152921504419414017,1152921504409190401,1152921504403947521,1152921504396869633,1152921504395821057,1152921504373014529,1152921504369344513,1152921504368558081,1152921504364625921,1152921504362790913,1152921504361218049,1152921504353615873,1152921504337887233,1152921504337625089,1152921504321372161,1152921504314032129,1152921504303022081,1152921504301449217,1152921504288342017,1152921504287293441,1152921504286769153,1152921504282836993,1152921504274972673,1152921504266321921,1152921504256622593,1152921504253739009,1152921504245088257,1152921504241942529,1152921504240107521,1152921504239583233,1152921504238010369,1152921504234078209,1152921504231718913,1152921504230670337,1152921504227524609,1152921504214417409,1152921504207339521,1152921504205504513,1152921504204193793,1152921504190824449,1152921504179552257,1152921504177192961,1152921504176668673,1152921504174309377,1152921504172474369,1152921504164872193,1152921504162512897,1152921504139706369,1152921504134987777,1152921504132628481;1;0")
set(PARAM25 "131072;\"1073479681\";576460752300015617,576460752298180609,576460752289529857,576460752289005569,576460752279306241,576460752273801217,576460752272228353,576460752267509761,576460752260694017,576460752259645441,576460752253616129,576460752249683969,576460752248635393,576460752246276097,576460752241033217,576460752232906753,576460752223469569,576460752217178113,576460752215605249,576460752213245953,576460752205381633,576460752204595201,576460752204070913,576460752194633729,576460752192798721,576460752191225857,576460752186769409,576460752178118657,576460752176545793;288230376135196673,288230376131788801,288230376129691649,288230376128643073,288230376126545921,288230376122613761,288230376121040897,288230376115535873,288230376114487297,288230376110817281,288230376105312257,288230376099807233,288230376097185793,288230376090894337,288230376080146433;2;1152921504606584833,1152921504598720513,1152921504592429057,1152921504581419009,1152921504580894721,1152921504578273281,1152921504577748993,1152921504577486849,1152921504568836097,1152921504565166081,1152921504563331073,1152921504556515329,1152921504555466753,1152921504554156033,1152921504552583169,1152921504542883841,1152921504538951681,1152921504537378817,1152921504531873793,1152921504521650177,1152921504509853697,1152921504508280833,1152921504506970113,1152921504495697921,1152921504491241473,1152921504488620033,1152921504479444993,1152921504470794241,1152921504468172801,1152921504462929921,1152921504462667777,1152921504455589889,1152921504447987713,1152921504442482689,1152921504436191233,1152921504427278337,1152921504419414017,1152921504409190401,1152921504403947521,1152921504396869633,1152921504395821057,1152921504373014529,1152921504369344513,1152921504368558081,1152921504364625921,1152921504362790913,1152921504361218049,1152921504353615873,1152921504337887233,1152921504337625089,1152921504321372161,1152921504314032129,1152921504303022081,1152921504301449217,1152921504288342017,1152921504287293441,1152921504286769153,1152921504282836993;1;0")
set(PARAM26 "131072;\"1073479681\";576460752300015617,576460752298180609,576460752289529857,576460752289005569,576460752279306241,576460752273801217,576460752272228353,576460752267509761,576460752260694017,576460752259645441,576460752253616129,576460752249683969,576460752248635393,576460752246276097,576460752241033217,576460752232906753,576460752223469569,576460752217178113,576460752215605249,576460752213245953,576460752205381633,576460752204595201,576460752204070913,576460752194633729,576460752192798721,576460752191225857,576460752186769409,576460752178118657,576460752176545793,576460752176283649,576460752167632897,576460752154525697,576460752154263553,576460752149544961,576460752144039937,576460752141156353,576460752134864897,576460752129359873;576460752127000577,576460752118874113,576460752114155521,576460752093184001,576460752086630401,576460752085843969,576460752075882497,576460752070115329,576460752066445313,576460752060940289,576460752058318849,576460752057532417,576460752055173121,576460752052289537,576460752044425217,576460752044163073,576460752042852353,576460752040230913,576460752034988033;2;1152921504606584833,1152921504598720513,1152921504592429057,1152921504581419009,1152921504580894721,1152921504578273281,1152921504577748993,1152921504577486849,1152921504568836097,1152921504565166081,1152921504563331073,1152921504556515329,1152921504555466753,1152921504554156033,1152921504552583169,1152921504542883841,1152921504538951681,1152921504537378817,1152921504531873793,1152921504521650177,1152921504509853697,1152921504508280833,1152921504506970113,1152921504495697921,1152921504491241473,1152921504488620033,1152921504479444993,1152921504470794241,1152921504468172801,1152921504462929921,1152921504462667777,1152921504455589889,1152921504447987713,1152921504442482689,1152921504436191233,1152921504427278337,1152921504419414017,1152921504409190401,1152921504403947521,1152921504396869633,1152921504395821057,1152921504373014529,1152921504369344513,1152921504368558081,1152921504364625921,1152921504362790913,1152921504361218049,1152921504353615873,1152921504337887233,1152921504337625089,1152921504321372161,1152921504314032129,1152921504303022081,1152921504301449217,1152921504288342017,1152921504287293441,1152921504286769153,1152921504282836993,1152921504274972673,1152921504266321921,1152921504256622593,1152921504253739009,1152921504245088257,1152921504241942529,1152921504240107521,1152921504239583233,1152921504238010369,1152921504234078209,1152921504231718913,1152921504230670337,1152921504227524609,1152921504214417409,1152921504207339521,1152921504205504513,1152921504204193793;1;0")
set(PARAM27 "131072;\"1073479681\";1152921504606584833,1152921504598720513,1152921504592429057,1152921504581419009,1152921504580894721,1152921504578273281,1152921504577748993,1152921504577486849,1152921504568836097,1152921504565166081,1152921504563331073,1152921504556515329,1152921504555466753,1152921504554156033,1152921504552583169,1152921504542883841,1152921504538951681,1152921504537378817,1152921504531873793,1152921504521650177,1152921504509853697,1152921504508280833,1152921504506970113,1152921504495697921,1152921504491241473,1152921504488620033,1152921504479444993,1152921504470794241,1152921504468172801,1152921504462929921,1152921504462667777,1152921504455589889,1152921504447987713,1152921504442482689,1152921504436191233,1152921504427278337,1152921504419414017,1152921504409190401,1152921504403947521,1152921504396869633,1152921504395821057,1152921504373014529,1152921504369344513;288230376135196673,288230376131788801,288230376129691649,288230376128643073,288230376126545921,288230376122613761,288230376121040897,288230376115535873,288230376114487297,288230376110817281,288230376105312257,288230376099807233,288230376097185793,288230376090894337,288230376080146433;3;1152921504368558081,1152921504364625921,1152921504362790913,1152921504361218049,1152921504353615873,1152921504337887233,1152921504337625089,1152921504321372161,1152921504314032129,1152921504303022081,1152921504301449217,1152921504288342017,1152921504287293441,1152921504286769153,1152921504282836993,1152921504274972673,1152921504266321921,1152921504256622593,1152921504253739009,1152921504245088257,1152921504241942529,1152921504240107521,1152921504239583233,1152921504238010369,1152921504234078209,1152921504231718913,1152921504230670337,1152921504227524609,1152921504214417409,1152921504207339521,1152921504205504513,1152921504204193793,1152921504190824449,1152921504179552257,1152921504177192961,1152921504176668673,1152921504174309377,1152921504172474369,1152921504164872193,1152921504162512897,1152921504139706369,1152921504134987777,1152921504132628481,1152921504122142721,1152921504120832001,1152921504116899841,1152921504105627649,1152921504101957633,1152921504100384769,1152921504096452609,1152921504093306881,1152921504078364673,1152921504067092481,1152921504066306049,1152921504057917441,1152921504053723137,1152921504050839553,1152921504032751617,1152921504031178753,1152921504028819457,1152921504023838721,1152921504023314433,1152921504014663681,1152921504013090817,1152921504006537217,1152921503989235713,1152921503976652801,1152921503965642753,1152921503959351297,1152921503952535553,1152921503947816961,1152921503939690497,1152921503933399041;1;0")
set(PARAM28 "131072;\"1073479681\";1152921504606584833,1152921504598720513,1152921504592429057,1152921504581419009,1152921504580894721,1152921504578273281,1152921504577748993,1152921504577486849,1152921504568836097,1152921504565166081,1152921504563331073,1152921504556515329,1152921504555466753,1152921504554156033,1152921504552583169,1152921504542883841,1152921504538951681,1152921504537378817,1152921504531873793,1152921504521650177,1152921504509853697,1152921504508280833,1152921504506970113,1152921504495697921,1152921504491241473,1152921504488620033,1152921504479444993,1152921504470794241,1152921504468172801,1152921504462929921,1152921504462667777,1152921504455589889,1152921504447987713,1152921504442482689,1152921504436191233,1152921504427278337,1152921504419414017,1152921504409190401,1152921504403947521,1152921504396869633,1152921504395821057,1152921504373014529,1152921504369344513,1152921504368558081,1152921504364625921,1152921504362790913;72057594036879361,72057594035306497,72057594029015041,72057594027704321,72057594021150721,72057594020626433,72057594011189249,72057594004111361,72057593993625601,72057593992314881;5;1152921504361218049,1152921504353615873,1152921504337887233,1152921504337625089,1152921504321372161,1152921504314032129,1152921504303022081,1152921504301449217,1152921504288342017,1152921504287293441,1152921504286769153,1152921504282836993,1152921504274972673,1152921504266321921,1152921504256622593,1152921504253739009,1152921504245088257,1152921504241942529,1152921504240107521,1152921504239583233,1152921504238010369,1152921504234078209,1152921504231718913,1152921504230670337,1152921504227524609,1152921504214417409,1152921504207339521,1152921504205504513,1152921504204193793,1152921504190824449,1152921504179552257,1152921504177192961,1152921504176668673,1152921504174309377,1152921504172474369,1152921504164872193,1152921504162512897,1152921504139706369,1152921504134987777,1152921504132628481,1152921504122142721,1152921504120832001,1152921504116899841,1152921504105627649,1152921504101957633,1152921504100384769,1152921504096452609,1152921504093306881,1152921504078364673,1152921504067092481,1152921504066306049,1152921504057917441,1152921504053723137,1152921504050839553,1152921504032751617,1152921504031178753,1152921504028819457,1152921504023838721,1152921504023314433,1152921504014663681,1152921504013090817,1152921504006537217,1152921503989235713,1152921503976652801,1152921503965642753;1;0")
set(PARAM29 "131072;\"1073479681\";1152921504606584833,1152921504598720513,1152921504592429057,1152921504581419009,1152921504580894721,1152921504578273281,1152921504577748993,1152921504577486849,1152921504568836097,1152921504565166081,1152921504563331073,1152921504556515329,1152921504555466753,1152921504554156033,1152921504552583169,1152921504542883841,1152921504538951681,1152921504537378817,1152921504531873793,1152921504521650177,1152921504509853697,1152921504508280833,1152921504506970113,1152921504495697921,1152921504491241473,1152921504488620033,1152921504479444993,1152921504470794241,1152921504468172801,1152921504462929921,1152921504462667777,1152921504455589889,1152921504447987713,1152921504442482689,1152921504436191233,1152921504427278337,1152921504419414017,1152921504409190401,1152921504403947521,1152921504396869633,1152921504395821057,1152921504373014529,1152921504369344513,1152921504368558081,1152921504364625921,1152921504362790913,1152921504361218049,1152921504353615873,1152921504337887233;36028797005856769,36028797001138177,36028796996681729,36028796992749569,36028796991700993,36028796990390273,36028796984098817,36028796982263809,36028796980953089;6;1152921504337625089,1152921504321372161,1152921504314032129,1152921504303022081,1152921504301449217,1152921504288342017,1152921504287293441,1152921504286769153,1152921504282836993,1152921504274972673,1152921504266321921,1152921504256622593,1152921504253739009,1152921504245088257,1152921504241942529,1152921504240107521,1152921504239583233,1152921504238010369,1152921504234078209,1152921504231718913,1152921504230670337,1152921504227524609,1152921504214417409,1152921504207339521,1152921504205504513,1152921504204193793,1152921504190824449,1152921504179552257,1152921504177192961,1152921504176668673,1152921504174309377,1152921504172474369,1152921504164872193,1152921504162512897,1152921504139706369,1152921504134987777,1152921504132628481,1152921504122142721,1152921504120832001,1152921504116899841,1152921504105627649,1152921504101957633,1152921504100384769,1152921504096452609,1152921504093306881,1152921504078364673,1152921504067092481,1152921504066306049,1152921504057917441,1152921504053723137,1152921504050839553,1152921504032751617,1152921504031178753,1152921504028819457,1152921504023838721,1152921504023314433,1152921504014663681,1152921504013090817,1152921504006537217,1152921503989235713,1152921503976652801,1152921503965642753,1152921503959351297,1152921503952535553,1152921503947816961,1152921503939690497;1;0")
set(PARAM30 "131072;\"1073479681\";1152921504606584833,1152921504598720513,1152921504592429057,1152921504581419009,1152921504580894721,1152921504578273281,1152921504577748993,1152921504577486849,1152921504568836097,1152921504565166081,1152921504563331073,1152921504556515329,1152921504555466753,1152921504554156033,1152921504552583169,1152921504542883841,1152921504538951681,1152921504537378817,1152921504531873793,1152921504521650177,1152921504509853697,1152921504508280833,1152921504506970113,1152921504495697921,1152921504491241473,1152921504488620033,1152921504479444993,1152921504470794241,1152921504468172801,1152921504462929921,1152921504462667777,1152921504455589889,1152921504447987713,1152921504442482689,1152921504436191233,1152921504427278337,1152921504419414017,1152921504409190401,1152921504403947521,1152921504396869633,1152921504395821057,1152921504373014529,1152921504369344513,1152921504368558081,1152921504364625921,1152921504362790913,1152921504361218049,1152921504353615873,1152921504337887233,1152921504337625089,1152921504321372161,1152921504314032129;288230376135196673,288230376131788801,288230376129691649,288230376128643073,288230376126545921,288230376122613761;9;1152921504303022081,1152921504301449217,1152921504288342017,1152921504287293441,1152921504286769153,1152921504282836993,1152921504274972673,1152921504266321921,1152921504256622593,1152921504253739009,1152921504245088257,1152921504241942529,1152921504240107521,1152921504239583233,1152921504238010369,1152921504234078209,1152921504231718913,1152921504230670337,1152921504227524609,1152921504214417409,1152921504207339521,1152921504205504513,1152921504204193793,1152921504190824449,1152921504179552257,1152921504177192961,1152921504176668673,1152921504174309377,1152921504172474369,1152921504164872193,1152921504162512897,1152921504139706369,1152921504134987777,1152921504132628481,1152921504122142721,1152921504120832001,1152921504116899841,1152921504105627649,1152921504101957633,1152921504100384769,1152921504096452609,1152921504093306881,1152921504078364673,1152921504067092481,1152921504066306049,1152921504057917441,1152921504053723137,1152921504050839553,1152921504032751617,1152921504031178753,1152921504028819457,1152921504023838721,1152921504023314433,1152921504014663681,1152921504013090817,1152921504006537217,1152921503989235713,1152921503976652801,1152921503965642753,1152921503959351297,1152921503952535553,1152921503947816961,1152921503939690497,1152921503933399041;1;0")
set(PARAM31 "262144;\"1056440321\";1152921504577486849,1152921504563331073,1152921504556515329,1152921504555466753,1152921504542883841,1152921504531873793,1152921504509853697,1152921504508280833,1152921504495697921,1152921504479444993,1152921504462667777,1152921504447987713,1152921504409190401,1152921504403947521,1152921504373014529,1152921504369344513,1152921504364625921,1152921504353615873,1152921504337887233,1152921504282836993,1152921504274972673,1152921504256622593,1152921504245088257,1152921504241942529,1152921504234078209,1152921504207339521,1152921504204193793,1152921504179552257,1152921504174309377,1152921504164872193,1152921504139706369,1152921504134987777,1152921504120832001,1152921504105627649,1152921504101957633,1152921504100384769,1152921504078364673,1152921504066306049,1152921504057917441,1152921504053723137,1152921504032751617,1152921504031178753,1152921504023838721,1152921504023314433,1152921504006537217,1152921503989235713,1152921503976652801,1152921503965642753,1152921503959351297,1152921503952535553,1152921503947816961,1152921503926321153;1152921503921602561,1152921503913213953,1152921503899058177,1152921503896436737,1152921503888048129,1152921503874416641,1152921503866028033,1152921503842435073,1152921503839813633,1152921503838240769,1152921503836143617,1152921503810977793,1152921503787384833,1152921503779520513,1152921503778471937,1152921503774801921,1152921503763791873,1152921503759073281,1152921503756451841,1152921503737577473,1152921503729713153,1152921503724994561,1152921503715033089,1152921503674662913,1152921503667847169,1152921503652642817;2;1152921503636914177,1152921503633244161,1152921503630622721,1152921503627476993,1152921503623806977,1152921503622234113,1152921503621185537,1152921503620661249,1152921503604932609,1152921503602311169,1152921503589203969,1152921503581339649,1152921503562989569,1152921503526813697,1152921503518425089,1152921503511085057,1152921503504793601,1152921503487492097,1152921503480676353,1152921503463374849,1152921503436636161,1152921503433490433,1152921503432441857,1152921503428771841,1152921503411470337,1152921503386828801,1152921503377391617,1152921503372148737,1152921503356420097,1152921503352225793,1152921503340691457,1152921503326535681,1152921503290359809,1152921503289311233,1152921503285641217,1152921503273582593,1152921503260475393,1152921503256281089,1152921503219580929,1152921503199133697,1152921503188647937,1152921503169773569,1152921503163482113,1152921503141462017,1152921503137792001,1152921503133597697,1152921503118917633,1152921503103188993,1152921503081168897,1152921503080120321,1152921503062818817,1152921503043420161,1152921503037652993,1152921503019827201,1152921502999379969,1152921502994661377,1152921502990467073,1152921502977359873,1152921502974738433,1152921502965301249,1152921502952718337,1152921502952194049,1152921502922833921,1152921502919688193,1152921502916018177,1152921502889279489,1152921502883512321,1152921502850482177,1152921502842617857,1152921502825316353,1152921502823743489,1152921502804869121,1152921502803296257,1152921502781276161,1152921502774460417,1152921502760828929,1152921502754537473,1152921502748246017,1152921502744576001,1152921502743003137,1152921502738808833,1152921502736711681,1152921502734090241,1152921502732517377,1152921502724128769,1152921502717837313,1152921502716788737,1152921502700535809,1152921502697390081,1152921502693195777,1152921502680088577,1152921502631329793,1152921502615601153,1152921502603018241,1152921502595678209,1152921502579949569,1152921502577852417,1152921502572085249,1152921502569988097,1152921502563696641,1152921502559502337,1152921502546395137,1152921502544822273,1152921502537482241,1152921502524899329;1;0")
set(PARAM32 "131072;\"1073479681\";1152921504606584833,1152921504598720513,1152921504592429057,1152921504581419009,1152921504580894721,1152921504578273281,1152921504577748993,1152921504577486849,1152921504568836097,1152921504565166081,1152921504563331073,1152921504556515329,1152921504555466753,1152921504554156033,1152921504552583169,1152921504542883841,1152921504538951681,1152921504537378817,1152921504531873793,1152921504521650177,1152921504509853697,1152921504508280833,1152921504506970113,1152921504495697921,1152921504491241473,1152921504488620033,1152921504479444993,1152921504470794241,1152921504468172801,1152921504462929921,1152921504462667777,1152921504455589889,1152921504447987713,1152921504442482689,1152921504436191233,1152921504427278337,1152921504419414017,1152921504409190401,1152921504403947521,1152921504396869633,1152921504395821057,1152921504373014529,1152921504369344513,1152921504368558081,1152921504364625921,1152921504362790913,1152921504361218049,1152921504353615873,1152921504337887233,1152921504337625089,1152921504321372161,1152921504314032129,1152921504303022081,1152921504301449217,1152921504288342017;288230376135196673,288230376131788801,288230376129691649;19;1152921504287293441,1152921504286769153,1152921504282836993,1152921504274972673,1152921504266321921,1152921504256622593,1152921504253739009,1152921504245088257,1152921504241942529,1152921504240107521,1152921504239583233,1152921504238010369,1152921504234078209,1152921504231718913,1152921504230670337,1152921504227524609,1152921504214417409,1152921504207339521,1152921504205504513,1152921504204193793,1152921504190824449,1152921504179552257,1152921504177192961,1152921504176668673,1152921504174309377,1152921504172474369,1152921504164872193,1152921504162512897,1152921504139706369,1152921504134987777,1152921504132628481,1152921504122142721,1152921504120832001,1152921504116899841,1152921504105627649,1152921504101957633,1152921504100384769,1152921504096452609,1152921504093306881,1152921504078364673,1152921504067092481,1152921504066306049,1152921504057917441,1152921504053723137,1152921504050839553,1152921504032751617,1152921504031178753,1152921504028819457,1152921504023838721,1152921504023314433,1152921504014663681,1152921504013090817,1152921504006537217,1152921503989235713,1152921503976652801,1152921503965642753,1152921503959351297,1152921503952535553,1152921503947816961,1152921503939690497,1152921503933399041,1152921503926321153;1;0")
set(PARAM33 "262144;\"1056440321\";1152921504577486849,1152921504563331073,1152921504556515329,1152921504555466753,1152921504542883841,1152921504531873793,1152921504509853697,1152921504508280833,1152921504495697921,1152921504479444993,1152921504462667777,1152921504447987713,1152921504409190401,1152921504403947521,1152921504373014529,1152921504369344513,1152921504364625921,1152921504353615873,1152921504337887233,1152921504282836993,1152921504274972673,1152921504256622593,1152921504245088257,1152921504241942529,1152921504234078209,1152921504207339521,1152921504204193793,1152921504179552257,1152921504174309377,1152921504164872193,1152921504139706369,1152921504134987777,1152921504120832001,1152921504105627649,1152921504101957633,1152921504100384769,1152921504078364673,1152921504066306049,1152921504057917441,1152921504053723137,1152921504032751617,1152921504031178753,1152921504023838721,1152921504023314433,1152921504006537217,1152921503989235713,1152921503976652801,1152921503965642753,1152921503959351297,1152921503952535553,1152921503947816961,1152921503926321153,1152921503921602561,1152921503913213953,1152921503899058177;576460752298180609,576460752279306241,576460752253616129,576460752246276097,576460752241033217,576460752213245953,576460752205381633,576460752192798721,576460752191225857,576460752178118657,576460752176545793,576460752167632897,576460752154525697,576460752144039937,576460752129359873,576460752118874113,576460752114155521,576460752093184001,576460752085843969,576460752075882497,576460752070115329,576460752066445313,576460752057532417,576460752052289537,576460752044425217,576460752042852353,576460752040230913,576460752034988033;2;1152921503896436737,1152921503888048129,1152921503874416641,1152921503866028033,1152921503842435073,1152921503839813633,1152921503838240769,1152921503836143617,1152921503810977793,1152921503787384833,1152921503779520513,1152921503778471937,1152921503774801921,1152921503763791873,1152921503759073281,1152921503756451841,1152921503737577473,1152921503729713153,1152921503724994561,1152921503715033089,1152921503674662913,1152921503667847169,1152921503652642817,1152921503636914177,1152921503633244161,1152921503630622721,1152921503627476993,1152921503623806977,1152921503622234113,1152921503621185537,1152921503620661249,1152921503604932609,1152921503602311169,1152921503589203969,1152921503581339649,1152921503562989569,1152921503526813697,1152921503518425089,1152921503511085057,1152921503504793601,1152921503487492097,1152921503480676353,1152921503463374849,1152921503436636161,1152921503433490433,1152921503432441857,1152921503428771841,1152921503411470337,1152921503386828801,1152921503377391617,1152921503372148737,1152921503356420097,1152921503352225793,1152921503340691457,1152921503326535681,1152921503290359809,1152921503289311233,1152921503285641217,1152921503273582593,1152921503260475393,1152921503256281089,1152921503219580929,1152921503199133697,1152921503188647937,1152921503169773569,1152921503163482113,1152921503141462017,1152921503137792001,1152921503133597697,1152921503118917633,1152921503103188993,1152921503081168897,1152921503080120321,1152921503062818817,1152921503043420161,1152921503037652993,1152921503019827201,1152921502999379969,1152921502994661377,1152921502990467073,1152921502977359873,1152921502974738433,1152921502965301249,1152921502952718337,1152921502952194049,1152921502922833921,1152921502919688193,1152921502916018177,1152921502889279489,1152921502883512321,1152921502850482177,1152921502842617857,1152921502825316353,1152921502823743489,1152921502804869121,1152921502803296257,1152921502781276161,1152921502774460417,1152921502760828929,1152921502754537473,1152921502748246017,1152921502744576001,1152921502743003137,1152921502738808833,1152921502736711681,1152921502734090241,1152921502732517377,1152921502724128769,1152921502717837313,1152921502716788737,1152921502700535809;1;0")
set(PARAM34 "16384;\"1073643521\";18014398508400641,18014398508138497,18014398507614209,18014398507220993;18014398506827777;4;9007199253921793,9007199252840449,9007199252807681;3;0")
set(PARAM35 "16384;\"1073643521\";72057594037370881,72057594037338113,72057594036879361,72057594036551681,72057594036256769;72057594035306497;5;2251799813554177,2251799811391489,2251799810670593;4;0")
set(PARAM36 "16384;\"1073643521\";18014398508400641,18014398508138497,18014398507614209,18014398507220993,18014398506827777,18014398506729473;18014398505943041;6;281474976546817,281474976317441,281474975662081;5;0")
set(PARAM37 "16384;\"1073643521\";144115188075593729,144115188075134977,144115188071170049,144115188070809601,144115188070776833,144115188070023169;144115188068810753;6;1125899904679937,1125899903991809,1125899903827969;5;0")
set(PARAM38 "16384;\"1073643521\";4503599626682369,4503599626321921,4503599625830401,4503599625535489,4503599625404417,4503599624847361,4503599624716289;4503599623864321;7;1125899904679937,1125899903991809,1125899903827969;5;0")
set(PARAM39 "32768;\"1073479681\";18014398506729473,18014398505943041,18014398499848193,18014398498799617,18014398498275329,18014398496440321,18014398496243713,18014398495457281;18014398492704769;8;1125899904679937,1125899903827969,1125899903500289;6;0")
set(PARAM40 "32768;\"1073479681\";72057594037338113,72057594036879361,72057594036551681,72057594035306497,72057594034913281,72057594033012737,72057594031964161,72057594030981121,72057594029015041,72057594027704321;72057594027245569;10;9007199252840449,9007199252119553,9007199251660801;7;0")
set(PARAM41 "32768;\"1073479681\";576460752301785089,576460752301391873,576460752300015617,576460752298835969,576460752298180609,576460752293134337,576460752291954689,576460752290775041,576460752290119681,576460752289923073,576460752289529857;576460752289005569;11;18014398506729473,18014398505943041,18014398499848193;8;0")
set(PARAM42 "32768;\"1073479681\";144115188075593729,144115188075134977,144115188070809601,144115188070023169,144115188068319233,144115188068253697,144115188067729409,144115188066091009,144115188065959937,144115188065566721,144115188063338497,144115188062814209;144115188062617601;12;4503599626321921,4503599625535489,4503599625404417;9;0")
set(PARAM43 "32768;\"1073479681\";72057594037338113,72057594036879361,72057594036551681,72057594035306497,72057594034913281,72057594033012737,72057594031964161,72057594030981121,72057594029015041,72057594027704321,72057594027245569,72057594023903233,72057594021609473;72057594021150721;13;1125899904679937,1125899903827969,1125899903500289;10;0")
set(PARAM44 "32768;\"1073479681\";1152921504606584833,1152921504598720513,1152921504597016577,1152921504595968001,1152921504595640321,1152921504593412097,1152921504592822273,1152921504592429057,1152921504589938689,1152921504586530817,1152921504585547777,1152921504583647233,1152921504581877761;1152921504581419009;13;9007199252840449,9007199252119553,9007199251660801;10;0")
set(PARAM45 "65536;\"1073479681\";144115188075593729,144115188068253697,144115188067729409,144115188062617601,144115188059865089,144115188057243649,144115188050952193,144115188049379329,144115188048986113,144115188047675393,144115188044660737,144115188038762497,144115188029325313,144115188026441729,144115188022640641;144115188022509569;15;4503599626321921,4503599625535489,4503599625404417;11;0")
set(PARAM46 "65536;\"1073479681\";576460752300015617,576460752298835969,576460752298180609,576460752289923073,576460752289529857,576460752289005569,576460752286253057,576460752284418049,576460752279306241,576460752273801217,576460752272228353,576460752267509761,576460752265543681,576460752260694017,576460752259645441,576460752254795777,576460752253747201,576460752253616129,576460752250601473;576460752249683969;19;9007199252119553,9007199249891329,9007199247532033;14;0")
set(PARAM47 "65536;\"1073479681\";576460752300015617,576460752298835969,576460752298180609,576460752289923073,576460752289529857,576460752289005569,576460752286253057,576460752284418049,576460752279306241,576460752273801217,576460752272228353,576460752267509761,576460752265543681,576460752260694017,576460752259645441,576460752254795777,576460752253747201,576460752253616129,576460752250601473,576460752249683969,576460752248635393,576460752247717889;576460752246276097;22;9007199252119553,9007199249891329,9007199247532033;16;0")
set(PARAM48 "65536;\"1073479681\";1152921504606584833,1152921504598720513,1152921504597016577,1152921504595968001,1152921504592822273,1152921504592429057,1152921504589938689,1152921504586530817,1152921504583647233,1152921504581419009,1152921504580894721,1152921504578666497,1152921504578273281,1152921504577748993,1152921504577486849,1152921504570802177,1152921504570277889,1152921504568836097,1152921504568442881,1152921504565559297,1152921504565166081,1152921504563724289,1152921504563331073;1152921504559267841;23;18014398506729473,18014398505943041,18014398496243713;17;0")
set(PARAM49 "65536;\"1073479681\";576460752300015617,576460752298835969,576460752298180609,576460752289923073,576460752289529857,576460752289005569,576460752286253057,576460752284418049,576460752279306241,576460752273801217,576460752272228353,576460752267509761,576460752265543681,576460752260694017,576460752259645441,576460752254795777,576460752253747201,576460752253616129,576460752250601473,576460752249683969,576460752248635393,576460752247717889,576460752246276097,576460752241033217,576460752236445697;576460752232906753;25;18014398506729473,18014398505943041,18014398496243713;18;0")
set(PARAM50 "65536;\"1073479681\";1152921504606584833,1152921504598720513,1152921504597016577,1152921504595968001,1152921504592822273,1152921504592429057,1152921504589938689,1152921504586530817,1152921504583647233,1152921504581419009,1152921504580894721,1152921504578666497,1152921504578273281,1152921504577748993,1152921504577486849,1152921504570802177,1152921504570277889,1152921504568836097,1152921504568442881,1152921504565559297,1152921504565166081,1152921504563724289,1152921504563331073,1152921504559267841,1152921504556515329,1152921504555466753;1152921504555073537;26;18014398506729473,18014398505943041,18014398496243713;19;0")
set(PARAM51 "65536;\"1073479681\";288230376147386369,288230376138735617,288230376135196673,288230376132182017,288230376131788801,288230376129691649,288230376128643073,288230376126545921,288230376122613761,288230376121434113,288230376121040897,288230376118026241,288230376115535873,288230376114487297,288230376110817281,288230376105312257,288230376099807233,288230376097841153,288230376097185793,288230376096268289,288230376093646849,288230376090894337,288230376080146433,288230376079491073,288230376072675329,288230376066908161,288230376064811009,288230376061796353;288230376061665281;28;9007199252119553,9007199249891329,9007199247532033;20;0")
set(PARAM52 "131072;\"1073479681\";576460752300015617,576460752298180609,576460752289529857,576460752289005569,576460752279306241,576460752273801217,576460752272228353,576460752267509761,576460752260694017,576460752259645441,576460752253616129,576460752249683969,576460752248635393,576460752246276097,576460752241033217,576460752232906753,576460752223469569,576460752217178113,576460752215605249,576460752213245953,576460752205381633,576460752204595201,576460752204070913,576460752194633729,576460752192798721,576460752191225857,576460752186769409,576460752178118657,576460752176545793;576460752176283649;29;18014398492704769,18014398491918337,18014398484316161;21;0")
set(PARAM53 "131072;\"1073479681\";576460752300015617,576460752298180609,576460752289529857,576460752289005569,576460752279306241,576460752273801217,576460752272228353,576460752267509761,576460752260694017,576460752259645441,576460752253616129,576460752249683969,576460752248635393,576460752246276097,576460752241033217,576460752232906753,576460752223469569,576460752217178113,576460752215605249,576460752213245953,576460752205381633,576460752204595201,576460752204070913,576460752194633729,576460752192798721,576460752191225857,576460752186769409,576460752178118657,576460752176545793,576460752176283649,576460752167632897,576460752154525697,576460752154263553,576460752149544961,576460752144039937,576460752141156353,576460752134864897,576460752129359873;576460752127000577;38;18014398492704769,18014398491918337,18014398484316161;27;0")
set(PARAM54 "131072;\"1073479681\";1152921504606584833,1152921504598720513,1152921504592429057,1152921504581419009,1152921504580894721,1152921504578273281,1152921504577748993,1152921504577486849,1152921504568836097,1152921504565166081,1152921504563331073,1152921504556515329,1152921504555466753,1152921504554156033,1152921504552583169,1152921504542883841,1152921504538951681,1152921504537378817,1152921504531873793,1152921504521650177,1152921504509853697,1152921504508280833,1152921504506970113,1152921504495697921,1152921504491241473,1152921504488620033,1152921504479444993,1152921504470794241,1152921504468172801,1152921504462929921,1152921504462667777,1152921504455589889,1152921504447987713,1152921504442482689,1152921504436191233,1152921504427278337,1152921504419414017,1152921504409190401,1152921504403947521,1152921504396869633,1152921504395821057,1152921504373014529,1152921504369344513;1152921504368558081;43;18014398492704769,18014398491918337,18014398484316161;31;0")
set(PARAM55 "131072;\"1073479681\";1152921504606584833,1152921504598720513,1152921504592429057,1152921504581419009,1152921504580894721,1152921504578273281,1152921504577748993,1152921504577486849,1152921504568836097,1152921504565166081,1152921504563331073,1152921504556515329,1152921504555466753,1152921504554156033,1152921504552583169,1152921504542883841,1152921504538951681,1152921504537378817,1152921504531873793,1152921504521650177,1152921504509853697,1152921504508280833,1152921504506970113,1152921504495697921,1152921504491241473,1152921504488620033,1152921504479444993,1152921504470794241,1152921504468172801,1152921504462929921,1152921504462667777,1152921504455589889,1152921504447987713,1152921504442482689,1152921504436191233,1152921504427278337,1152921504419414017,1152921504409190401,1152921504403947521,1152921504396869633,1152921504395821057,1152921504373014529,1152921504369344513,1152921504368558081,1152921504364625921,1152921504362790913;1152921504361218049;46;18014398492704769,18014398491918337,18014398484316161;33;0")
set(PARAM56 "131072;\"1073479681\";1152921504606584833,1152921504598720513,1152921504592429057,1152921504581419009,1152921504580894721,1152921504578273281,1152921504577748993,1152921504577486849,1152921504568836097,1152921504565166081,1152921504563331073,1152921504556515329,1152921504555466753,1152921504554156033,1152921504552583169,1152921504542883841,1152921504538951681,1152921504537378817,1152921504531873793,1152921504521650177,1152921504509853697,1152921504508280833,1152921504506970113,1152921504495697921,1152921504491241473,1152921504488620033,1152921504479444993,1152921504470794241,1152921504468172801,1152921504462929921,1152921504462667777,1152921504455589889,1152921504447987713,1152921504442482689,1152921504436191233,1152921504427278337,1152921504419414017,1152921504409190401,1152921504403947521,1152921504396869633,1152921504395821057,1152921504373014529,1152921504369344513,1152921504368558081,1152921504364625921,1152921504362790913,1152921504361218049,1152921504353615873,1152921504337887233;1152921504337625089;49;18014398492704769,18014398491918337,18014398484316161;35;0")
set(PARAM57 "131072;\"1073479681\";1152921504606584833,1152921504598720513,1152921504592429057,1152921504581419009,1152921504580894721,1152921504578273281,1152921504577748993,1152921504577486849,1152921504568836097,1152921504565166081,1152921504563331073,1152921504556515329,1152921504555466753,1152921504554156033,1152921504552583169,1152921504542883841,1152921504538951681,1152921504537378817,1152921504531873793,1152921504521650177,1152921504509853697,1152921504508280833,1152921504506970113,1152921504495697921,1152921504491241473,1152921504488620033,1152921504479444993,1152921504470794241,1152921504468172801,1152921504462929921,1152921504462667777,1152921504455589889,1152921504447987713,1152921504442482689,1152921504436191233,1152921504427278337,1152921504419414017,1152921504409190401,1152921504403947521,1152921504396869633,1152921504395821057,1152921504373014529,1152921504369344513,1152921504368558081,1152921504364625921,1152921504362790913,1152921504361218049,1152921504353615873,1152921504337887233,1152921504337625089,1152921504321372161,1152921504314032129;1152921504303022081;52;18014398492704769,18014398491918337,18014398484316161;37;0")
set(PARAM58 "131072;\"1073479681\";1152921504606584833,1152921504598720513,1152921504592429057,1152921504581419009,1152921504580894721,1152921504578273281,1152921504577748993,1152921504577486849,1152921504568836097,1152921504565166081,1152921504563331073,1152921504556515329,1152921504555466753,1152921504554156033,1152921504552583169,1152921504542883841,1152921504538951681,1152921504537378817,1152921504531873793,1152921504521650177,1152921504509853697,1152921504508280833,1152921504506970113,1152921504495697921,1152921504491241473,1152921504488620033,1152921504479444993,1152921504470794241,1152921504468172801,1152921504462929921,1152921504462667777,1152921504455589889,1152921504447987713,1152921504442482689,1152921504436191233,1152921504427278337,1152921504419414017,1152921504409190401,1152921504403947521,1152921504396869633,1152921504395821057,1152921504373014529,1152921504369344513,1152921504368558081,1152921504364625921,1152921504362790913,1152921504361218049,1152921504353615873,1152921504337887233,1152921504337625089,1152921504321372161,1152921504314032129,1152921504303022081,1152921504301449217,1152921504288342017;1152921504287293441;55;36028797005856769,36028797001138177,36028796996681729;39;0")
set(PARAM59 "16384;\"1073643521\";68718428161,68717740033,68716036097,68714954753,68714201089;1152921504606748673,1152921504606683137,1152921504606584833;1;72057594037370881,72057594037338113,72057594036879361,72057594036551681,72057594036256769,72057594035306497,72057594034913281,72057594033012737,72057594031964161,72057594031865857;1;3")
set(PARAM60 "16384;\"1073643521\";68718428161,68717740033,68716036097,68714954753,68714201089;1152921504606748673,1152921504606683137,1152921504606584833;1;72057594037370881,72057594037338113,72057594036879361,72057594036551681,72057594036256769,72057594035306497,72057594034913281,72057594033012737,72057594031964161,72057594031865857;1;3")
set(PARAM61 "16384;\"1073643521\";68718428161,68717740033,68716036097,68714954753,68714201089,68713873409,68713512961;4398046150657,4398044938241,4398044577793;2;288230376150630401,288230376149975041,288230376147582977,288230376147386369,288230376147320833,288230376145453057,288230376144568321,288230376143781889,288230376143650817;1;3")
set(PARAM62 "16384;\"1073643521\";18014398508400641,18014398508138497,68718428161,68717740033,68716036097,68714954753;4398046150657,4398044938241,4398044577793;2;288230376150630401,288230376149975041,288230376147582977,288230376147386369,288230376147320833,288230376145453057,288230376144568321,288230376143781889,288230376143650817;1;3")
set(PARAM63 "16384;\"1073643521\";68718428161,68717740033,68716036097,68714954753,68714201089,68713873409,68713512961,68713480193;281474976546817,281474976317441;3;36028797017456641,36028797016178689,36028797014704129,36028797014573057,36028797014376449,36028797014081537,36028797013327873,36028797013098497,36028797013000193;1;3")
set(PARAM64 "16384;\"1073643521\";18014398508400641,18014398508138497,68718428161,68717740033,68716036097,68714954753,68714201089;281474976546817,281474976317441;3;36028797017456641,36028797016178689,36028797014704129,36028797014573057,36028797014376449,36028797014081537,36028797013327873,36028797013098497,36028797013000193;1;3")
set(PARAM65 "32768;\"1073479681\";68718428161,68714954753,68713512961,68712923137,68712202241,68712005633,68711415809,68711350273,68710039553,68709974017,68709580801;144115188075593729,144115188075134977,144115188070809601,144115188070023169,144115188068319233,144115188068253697,144115188067729409;1;288230376147582977,288230376147386369,288230376147320833,288230376144568321,288230376143781889,288230376143650817,288230376138735617,288230376135917569,288230376135196673,288230376134606849,288230376133427201,288230376132182017,288230376131854337,288230376131788801,288230376129691649,288230376129232897,288230376128839681,288230376128643073,288230376126742529,288230376126545921,288230376124383233;1;3")
set(PARAM66 "32768;\"1073479681\";18014398506729473,18014398505943041,18014398499848193,18014398498799617,68718428161,68714954753,68713512961,68712923137,68712202241;144115188075593729,144115188075134977,144115188070809601,144115188070023169,144115188068319233,144115188068253697,144115188067729409;1;288230376147582977,288230376147386369,288230376147320833,288230376144568321,288230376143781889,288230376143650817,288230376138735617,288230376135917569,288230376135196673,288230376134606849,288230376133427201,288230376132182017,288230376131854337,288230376131788801,288230376129691649,288230376129232897,288230376128839681,288230376128643073,288230376126742529,288230376126545921,288230376124383233;1;3")
set(PARAM67 "32768;\"1073479681\";68718428161,68714954753,68713512961,68712923137,68712202241,68712005633,68711415809,68711350273,68710039553,68709974017,68709580801,68709253121,68709056513,68708794369,68707680257;18014398506729473,18014398505943041,18014398499848193,18014398498799617,18014398498275329;2;288230376147582977,288230376147386369,288230376147320833,288230376144568321,288230376143781889,288230376143650817,288230376138735617,288230376135917569,288230376135196673,288230376134606849,288230376133427201,288230376132182017,288230376131854337,288230376131788801,288230376129691649,288230376129232897,288230376128839681,288230376128643073,288230376126742529;1;3")
set(PARAM68 "32768;\"1073479681\";18014398506729473,18014398505943041,18014398499848193,18014398498799617,18014398498275329,18014398496440321,18014398496243713,18014398495457281,68718428161,68714954753,68713512961;18014398492704769,18014398492311553,18014398491918337,18014398490017793,18014398489755649;2;288230376147582977,288230376147386369,288230376147320833,288230376144568321,288230376143781889,288230376143650817,288230376138735617,288230376135917569,288230376135196673,288230376134606849,288230376133427201,288230376132182017,288230376131854337,288230376131788801,288230376129691649,288230376129232897,288230376128839681,288230376128643073,288230376126742529;1;3")
set(PARAM69 "32768;\"1073479681\";68718428161,68714954753,68713512961,68712923137,68712202241,68712005633,68711415809,68711350273,68710039553,68709974017,68709580801,68709253121,68709056513,68708794369,68707680257,68706631681,68706435073;2251799813554177,2251799811391489,2251799810670593,2251799810605057;3;288230376147582977,288230376147386369,288230376147320833,288230376144568321,288230376143781889,288230376143650817,288230376138735617,288230376135917569,288230376135196673,288230376134606849,288230376133427201,288230376132182017,288230376131854337,288230376131788801,288230376129691649,288230376129232897,288230376128839681,288230376128643073;1;3")
set(PARAM70 "32768;\"1073479681\";18014398506729473,18014398505943041,18014398499848193,18014398498799617,18014398498275329,18014398496440321,18014398496243713,18014398495457281,68718428161,68714954753,68713512961,68712923137,68712202241;2251799813554177,2251799811391489,2251799810670593,2251799810605057;3;288230376147582977,288230376147386369,288230376147320833,288230376144568321,288230376143781889,288230376143650817,288230376138735617,288230376135917569,288230376135196673,288230376134606849,288230376133427201,288230376132182017,288230376131854337,288230376131788801,288230376129691649,288230376129232897,288230376128839681,288230376128643073;1;3")
set(PARAM71 "65536;\"1073479681\";68718428161,68712923137,68712005633,68711350273,68710039553,68709253121,68707680257,68706631681,68705320961,68703748097,68702568449,68701126657,68700733441,68700209153,68699160577,68696670209,68695621633,68695490561,68693655553,68686184449,68685398017,68684873729,68682907649;1152921504606584833,1152921504598720513,1152921504597016577,1152921504595968001,1152921504592822273,1152921504592429057,1152921504589938689,1152921504586530817,1152921504583647233,1152921504581419009,1152921504580894721,1152921504578666497,1152921504578273281,1152921504577748993;1;576460752300015617,576460752298835969,576460752298180609,576460752289923073,576460752289529857,576460752289005569,576460752286253057,576460752284418049,576460752279306241,576460752273801217,576460752272228353,576460752267509761,576460752265543681,576460752260694017,576460752259645441,576460752254795777,576460752253747201,576460752253616129,576460752250601473,576460752249683969,576460752248635393,576460752247717889,576460752246276097,576460752241033217,576460752236445697,576460752232906753,576460752223469569,576460752221765633,576460752220192769,576460752217178113,576460752215605249,576460752213639169,576460752213245953,576460752209182721,576460752207347713,576460752205381633,576460752204595201,576460752204070913,576460752195813377,576460752194633729,576460752192798721,576460752191225857,576460752186769409;1;3")
set(PARAM72 "65536;\"1073479681\";18014398506729473,18014398505943041,18014398496243713,18014398495457281,18014398492704769,18014398492311553,18014398491918337,18014398487068673,18014398485495809,18014398484316161,18014398479204353,18014398476451841,68718428161,68712923137,68712005633,68711350273,68710039553;1152921504606584833,1152921504598720513,1152921504597016577,1152921504595968001,1152921504592822273,1152921504592429057,1152921504589938689,1152921504586530817,1152921504583647233,1152921504581419009,1152921504580894721,1152921504578666497,1152921504578273281,1152921504577748993;1;576460752300015617,576460752298835969,576460752298180609,576460752289923073,576460752289529857,576460752289005569,576460752286253057,576460752284418049,576460752279306241,576460752273801217,576460752272228353,576460752267509761,576460752265543681,576460752260694017,576460752259645441,576460752254795777,576460752253747201,576460752253616129,576460752250601473,576460752249683969,576460752248635393,576460752247717889,576460752246276097,576460752241033217,576460752236445697,576460752232906753,576460752223469569,576460752221765633,576460752220192769,576460752217178113,576460752215605249,576460752213639169,576460752213245953,576460752209182721,576460752207347713,576460752205381633,576460752204595201,576460752204070913,576460752195813377,576460752194633729,576460752192798721,576460752191225857,576460752186769409;1;3")
set(PARAM73 "65536;\"1073479681\";68718428161,68712923137,68712005633,68711350273,68710039553,68709253121,68707680257,68706631681,68705320961,68703748097,68702568449,68701126657,68700733441,68700209153,68699160577,68696670209,68695621633,68695490561,68693655553,68686184449,68685398017,68684873729,68682907649,68681465857,68680548353,68678975489,68678320129,68676222977,68675960833,68675567617,68673601537;72057594036879361,72057594035306497,72057594034913281,72057594030981121,72057594029015041,72057594027704321,72057594023903233,72057594021150721,72057594020626433,72057594011189249;2;1152921504606584833,1152921504598720513,1152921504597016577,1152921504595968001,1152921504592822273,1152921504592429057,1152921504589938689,1152921504586530817,1152921504583647233,1152921504581419009,1152921504580894721,1152921504578666497,1152921504578273281,1152921504577748993,1152921504577486849,1152921504570802177,1152921504570277889,1152921504568836097,1152921504568442881,1152921504565559297,1152921504565166081,1152921504563724289,1152921504563331073,1152921504559267841,1152921504556515329,1152921504555466753,1152921504555073537,1152921504554156033,1152921504552583169,1152921504542883841,1152921504541704193,1152921504538951681,1152921504538820609,1152921504537378817,1152921504532267009,1152921504531873793,1152921504526237697,1152921504521650177;1;3")
set(PARAM74 "65536;\"1073479681\";18014398506729473,18014398505943041,18014398496243713,18014398495457281,18014398492704769,18014398492311553,18014398491918337,18014398487068673,18014398485495809,18014398484316161,18014398479204353,18014398476451841,18014398472519681,18014398471864321,18014398470946817,18014398467407873,18014398463868929,18014398462427137,68718428161,68712923137,68712005633,68711350273;72057594036879361,72057594035306497,72057594034913281,72057594030981121,72057594029015041,72057594027704321,72057594023903233,72057594021150721,72057594020626433,72057594011189249;2;1152921504606584833,1152921504598720513,1152921504597016577,1152921504595968001,1152921504592822273,1152921504592429057,1152921504589938689,1152921504586530817,1152921504583647233,1152921504581419009,1152921504580894721,1152921504578666497,1152921504578273281,1152921504577748993,1152921504577486849,1152921504570802177,1152921504570277889,1152921504568836097,1152921504568442881,1152921504565559297,1152921504565166081,1152921504563724289,1152921504563331073,1152921504559267841,1152921504556515329,1152921504555466753,1152921504555073537,1152921504554156033,1152921504552583169,1152921504542883841,1152921504541704193,1152921504538951681,1152921504538820609,1152921504537378817,1152921504532267009,1152921504531873793,1152921504526237697,1152921504521650177;1;3")
set(PARAM75 "65536;\"1073479681\";68718428161,68712923137,68712005633,68711350273,68710039553,68709253121,68707680257,68706631681,68705320961,68703748097,68702568449,68701126657,68700733441,68700209153,68699160577,68696670209,68695621633,68695490561,68693655553,68686184449,68685398017,68684873729,68682907649,68681465857,68680548353,68678975489,68678320129,68676222977,68675960833,68675567617,68673601537,68673208321,68672421889,68672028673,68664426497;1152921504606584833,1152921504598720513,1152921504597016577,1152921504595968001,1152921504592822273,1152921504592429057,1152921504589938689;3;576460752300015617,576460752298835969,576460752298180609,576460752289923073,576460752289529857,576460752289005569,576460752286253057,576460752284418049,576460752279306241,576460752273801217,576460752272228353,576460752267509761,576460752265543681,576460752260694017,576460752259645441,576460752254795777,576460752253747201,576460752253616129,576460752250601473,576460752249683969,576460752248635393,576460752247717889,576460752246276097,576460752241033217,576460752236445697,576460752232906753,576460752223469569,576460752221765633,576460752220192769,576460752217178113,576460752215605249,576460752213639169,576460752213245953,576460752209182721,576460752207347713,576460752205381633;1;3")
set(PARAM76 "65536;\"1073479681\";18014398506729473,18014398505943041,18014398496243713,18014398495457281,18014398492704769,18014398492311553,18014398491918337,18014398487068673,18014398485495809,18014398484316161,18014398479204353,18014398476451841,18014398472519681,18014398471864321,18014398470946817,18014398467407873,18014398463868929,18014398462427137,18014398458888193,18014398457184257,68718428161,68712923137,68712005633,68711350273,68710039553;1152921504606584833,1152921504598720513,1152921504597016577,1152921504595968001,1152921504592822273,1152921504592429057,1152921504589938689;3;576460752300015617,576460752298835969,576460752298180609,576460752289923073,576460752289529857,576460752289005569,576460752286253057,576460752284418049,576460752279306241,576460752273801217,576460752272228353,576460752267509761,576460752265543681,576460752260694017,576460752259645441,576460752254795777,576460752253747201,576460752253616129,576460752250601473,576460752249683969,576460752248635393,576460752247717889,576460752246276097,576460752241033217,576460752236445697,576460752232906753,576460752223469569,576460752221765633,576460752220192769,576460752217178113,576460752215605249,576460752213639169,576460752213245953,576460752209182721,576460752207347713,576460752205381633;1;3")
set(PARAM77 "131072;\"1073479681\";68718428161,68712923137,68711350273,68710039553,68709253121,68707680257,68706631681,68705320961,68703748097,68701126657,68696670209,68695621633,68686184449,68685398017,68684873729,68681465857,68678320129,68676222977,68675960833,68673601537,68672028673,68664426497,68663377921,68661280769,68658135041,68655513601,68650270721,68647124993,68646338561,68644503553,68635328513,68629823489,68626677761,68626415617,68622745601,68621959169,68613046273,68610162689,68609114113,68603871233,68591812609,68591026177,68589715457,68583424001,68581588993,68577918977,68572938241;576460752300015617,576460752298180609,576460752289529857,576460752289005569,576460752279306241,576460752273801217,576460752272228353,576460752267509761,576460752260694017,576460752259645441,576460752253616129,576460752249683969,576460752248635393,576460752246276097,576460752241033217,576460752232906753,576460752223469569,576460752217178113,576460752215605249,576460752213245953,576460752205381633,576460752204595201,576460752204070913,576460752194633729,576460752192798721,576460752191225857,576460752186769409,576460752178118657,576460752176545793;1;1152921504606584833,1152921504598720513,1152921504592429057,1152921504581419009,1152921504580894721,1152921504578273281,1152921504577748993,1152921504577486849,1152921504568836097,1152921504565166081,1152921504563331073,1152921504556515329,1152921504555466753,1152921504554156033,1152921504552583169,1152921504542883841,1152921504538951681,1152921504537378817,1152921504531873793,1152921504521650177,1152921504509853697,1152921504508280833,1152921504506970113,1152921504495697921,1152921504491241473,1152921504488620033,1152921504479444993,1152921504470794241,1152921504468172801,1152921504462929921,1152921504462667777,1152921504455589889,1152921504447987713,1152921504442482689,1152921504436191233,1152921504427278337,1152921504419414017,1152921504409190401,1152921504403947521,1152921504396869633,1152921504395821057,1152921504373014529,1152921504369344513,1152921504368558081,1152921504364625921,1152921504362790913,1152921504361218049,1152921504353615873,1152921504337887233,1152921504337625089,1152921504321372161,1152921504314032129,1152921504303022081,1152921504301449217,1152921504288342017,1152921504287293441,1152921504286769153,1152921504282836993,1152921504274972673,1152921504266321921,1152921504256622593,1152921504253739009,1152921504245088257,1152921504241942529,1152921504240107521,1152921504239583233,1152921504238010369,1152921504234078209,1152921504231718913,1152921504230670337,1152921504227524609,1152921504214417409,1152921504207339521,1152921504205504513,1152921504204193793,1152921504190824449,1152921504179552257,1152921504177192961,1152921504176668673,1152921504174309377,1152921504172474369,1152921504164872193,1152921504162512897,1152921504139706369,1152921504134987777,1152921504132628481;1;3")
set(PARAM78 "131072;\"1073479681\";18014398492704769,18014398491918337,18014398484316161,18014398476451841,18014398472519681,18014398470946817,18014398463868929,18014398458888193,18014398446305281,18014398438440961,18014398431363073,18014398429003777,18014398411964417,18014398403051521,18014398401740801,18014398399905793,18014398397546497,18014398393876481,18014398391255041,18014398388371457,18014398385750017,18014398382866433,18014398381817857,18014398378147841,18014398370807809,18014398360846337,18014398358224897,18014398357700609,68718428161,68712923137,68711350273,68710039553,68709253121;576460752300015617,576460752298180609,576460752289529857,576460752289005569,576460752279306241,576460752273801217,576460752272228353,576460752267509761,576460752260694017,576460752259645441,576460752253616129,576460752249683969,576460752248635393,576460752246276097,576460752241033217,576460752232906753,576460752223469569,576460752217178113,576460752215605249,576460752213245953,576460752205381633,576460752204595201,576460752204070913,576460752194633729,576460752192798721,576460752191225857,576460752186769409,576460752178118657,576460752176545793;1;1152921504606584833,1152921504598720513,1152921504592429057,1152921504581419009,1152921504580894721,1152921504578273281,1152921504577748993,1152921504577486849,1152921504568836097,1152921504565166081,1152921504563331073,1152921504556515329,1152921504555466753,1152921504554156033,1152921504552583169,1152921504542883841,1152921504538951681,1152921504537378817,1152921504531873793,1152921504521650177,1152921504509853697,1152921504508280833,1152921504506970113,1152921504495697921,1152921504491241473,1152921504488620033,1152921504479444993,1152921504470794241,1152921504468172801,1152921504462929921,1152921504462667777,1152921504455589889,1152921504447987713,1152921504442482689,1152921504436191233,1152921504427278337,1152921504419414017,1152921504409190401,1152921504403947521,1152921504396869633,1152921504395821057,1152921504373014529,1152921504369344513,1152921504368558081,1152921504364625921,1152921504362790913,1152921504361218049,1152921504353615873,1152921504337887233,1152921504337625089,1152921504321372161,1152921504314032129,1152921504303022081,1152921504301449217,1152921504288342017,1152921504287293441,1152921504286769153,1152921504282836993,1152921504274972673,1152921504266321921,1152921504256622593,1152921504253739009,1152921504245088257,1152921504241942529,1152921504240107521,1152921504239583233,1152921504238010369,1152921504234078209,1152921504231718913,1152921504230670337,1152921504227524609,1152921504214417409,1152921504207339521,1152921504205504513,1152921504204193793,1152921504190824449,1152921504179552257,1152921504177192961,1152921504176668673,1152921504174309377,1152921504172474369,1152921504164872193,1152921504162512897,1152921504139706369,1152921504134987777,1152921504132628481;1;3")
set(PARAM79 "131072;\"1073479681\";68718428161,68712923137,68711350273,68710039553,68709253121,68707680257,68706631681,68705320961,68703748097,68701126657,68696670209,68695621633,68686184449,68685398017,68684873729,68681465857,68678320129,68676222977,68675960833,68673601537,68672028673,68664426497,68663377921,68661280769,68658135041,68655513601,68650270721,68647124993,68646338561,68644503553,68635328513,68629823489,68626677761,68626415617,68622745601,68621959169,68613046273,68610162689,68609114113,68603871233,68591812609,68591026177,68589715457,68583424001,68581588993,68577918977,68572938241,68571365377,68566122497,68563763201,68562190337,68551180289,68549345281,68548034561,68543840257,68542267393,68540694529,68536238081,68534403073,68531519489,68530470913,68528373761,68526800897;1152921504606584833,1152921504598720513,1152921504592429057,1152921504581419009,1152921504580894721,1152921504578273281,1152921504577748993,1152921504577486849,1152921504568836097,1152921504565166081,1152921504563331073,1152921504556515329,1152921504555466753,1152921504554156033,1152921504552583169,1152921504542883841,1152921504538951681,1152921504537378817,1152921504531873793;2;1152921504521650177,1152921504509853697,1152921504508280833,1152921504506970113,1152921504495697921,1152921504491241473,1152921504488620033,1152921504479444993,1152921504470794241,1152921504468172801,1152921504462929921,1152921504462667777,1152921504455589889,1152921504447987713,1152921504442482689,1152921504436191233,1152921504427278337,1152921504419414017,1152921504409190401,1152921504403947521,1152921504396869633,1152921504395821057,1152921504373014529,1152921504369344513,1152921504368558081,1152921504364625921,1152921504362790913,1152921504361218049,1152921504353615873,1152921504337887233,1152921504337625089,1152921504321372161,1152921504314032129,1152921504303022081,1152921504301449217,1152921504288342017,1152921504287293441,1152921504286769153,1152921504282836993,1152921504274972673,1152921504266321921,1152921504256622593,1152921504253739009,1152921504245088257,1152921504241942529,1152921504240107521,1152921504239583233,1152921504238010369,1152921504234078209,1152921504231718913,1152921504230670337,1152921504227524609,1152921504214417409,1152921504207339521,1152921504205504513,1152921504204193793,1152921504190824449,1152921504179552257,1152921504177192961,1152921504176668673,1152921504174309377,1152921504172474369,1152921504164872193,1152921504162512897,1152921504139706369,1152921504134987777,1152921504132628481,1152921504122142721,1152921504120832001,1152921504116899841,1152921504105627649,1152921504101957633,1152921504100384769,1152921504096452609,1152921504093306881,1152921504078364673,1152921504067092481;1;3")
set(PARAM80 "131072;\"1073479681\";18014398492704769,18014398491918337,18014398484316161,18014398476451841,18014398472519681,18014398470946817,18014398463868929,18014398458888193,18014398446305281,18014398438440961,18014398431363073,18014398429003777,18014398411964417,18014398403051521,18014398401740801,18014398399905793,18014398397546497,18014398393876481,18014398391255041,18014398388371457,18014398385750017,18014398382866433,18014398381817857,18014398378147841,18014398370807809,18014398360846337,18014398358224897,18014398357700609,18014398351933441,18014398351409153,18014398349049857,18014398345117697,18014398343544833,18014398326767617,18014398326243329,18014398323884033,18014398322835457,18014398317330433,18014398313660417,18014398311301121,68718428161,68712923137,68711350273;1152921504606584833,1152921504598720513,1152921504592429057,1152921504581419009,1152921504580894721,1152921504578273281,1152921504577748993,1152921504577486849,1152921504568836097,1152921504565166081,1152921504563331073,1152921504556515329,1152921504555466753,1152921504554156033,1152921504552583169,1152921504542883841,1152921504538951681,1152921504537378817,1152921504531873793;2;1152921504521650177,1152921504509853697,1152921504508280833,1152921504506970113,1152921504495697921,1152921504491241473,1152921504488620033,1152921504479444993,1152921504470794241,1152921504468172801,1152921504462929921,1152921504462667777,1152921504455589889,1152921504447987713,1152921504442482689,1152921504436191233,1152921504427278337,1152921504419414017,1152921504409190401,1152921504403947521,1152921504396869633,1152921504395821057,1152921504373014529,1152921504369344513,1152921504368558081,1152921504364625921,1152921504362790913,1152921504361218049,1152921504353615873,1152921504337887233,1152921504337625089,1152921504321372161,1152921504314032129,1152921504303022081,1152921504301449217,1152921504288342017,1152921504287293441,1152921504286769153,1152921504282836993,1152921504274972673,1152921504266321921,1152921504256622593,1152921504253739009,1152921504245088257,1152921504241942529,1152921504240107521,1152921504239583233,1152921504238010369,1152921504234078209,1152921504231718913,1152921504230670337,1152921504227524609,1152921504214417409,1152921504207339521,1152921504205504513,1152921504204193793,1152921504190824449,1152921504179552257,1152921504177192961,1152921504176668673,1152921504174309377,1152921504172474369,1152921504164872193,1152921504162512897,1152921504139706369,1152921504134987777,1152921504132628481,1152921504122142721,1152921504120832001,1152921504116899841,1152921504105627649,1152921504101957633,1152921504100384769,1152921504096452609,1152921504093306881,1152921504078364673,1152921504067092481;1;3")
set(PARAM81 "131072;\"1073479681\";68718428161,68712923137,68711350273,68710039553,68709253121,68707680257,68706631681,68705320961,68703748097,68701126657,68696670209,68695621633,68686184449,68685398017,68684873729,68681465857,68678320129,68676222977,68675960833,68673601537,68672028673,68664426497,68663377921,68661280769,68658135041,68655513601,68650270721,68647124993,68646338561,68644503553,68635328513,68629823489,68626677761,68626415617,68622745601,68621959169,68613046273,68610162689,68609114113,68603871233,68591812609,68591026177,68589715457,68583424001,68581588993,68577918977,68572938241,68571365377,68566122497,68563763201,68562190337,68551180289,68549345281,68548034561,68543840257,68542267393,68540694529,68536238081,68534403073,68531519489,68530470913,68528373761,68526800897,68521820161,68520509441,68516577281,68515004417,68513955841,68512382977,68511858689,68510810113;144115188075593729,144115188068253697,144115188067729409,144115188059865089,144115188057243649,144115188050952193,144115188049379329,144115188044660737,144115188022640641,144115188017135617,144115187995115521,144115187991183361,144115187990659073,144115187982794753,144115187980173313;3;1152921504606584833,1152921504598720513,1152921504592429057,1152921504581419009,1152921504580894721,1152921504578273281,1152921504577748993,1152921504577486849,1152921504568836097,1152921504565166081,1152921504563331073,1152921504556515329,1152921504555466753,1152921504554156033,1152921504552583169,1152921504542883841,1152921504538951681,1152921504537378817,1152921504531873793,1152921504521650177,1152921504509853697,1152921504508280833,1152921504506970113,1152921504495697921,1152921504491241473,1152921504488620033,1152921504479444993,1152921504470794241,1152921504468172801,1152921504462929921,1152921504462667777,1152921504455589889,1152921504447987713,1152921504442482689,1152921504436191233,1152921504427278337,1152921504419414017,1152921504409190401,1152921504403947521,1152921504396869633,1152921504395821057,1152921504373014529,1152921504369344513,1152921504368558081,1152921504364625921,1152921504362790913,1152921504361218049,1152921504353615873,1152921504337887233,1152921504337625089,1152921504321372161,1152921504314032129,1152921504303022081,1152921504301449217,1152921504288342017,1152921504287293441,1152921504286769153,1152921504282836993,1152921504274972673,1152921504266321921,1152921504256622593,1152921504253739009,1152921504245088257,1152921504241942529,1152921504240107521,1152921504239583233,1152921504238010369,1152921504234078209,1152921504231718913,1152921504230670337,1152921504227524609,1152921504214417409;1;3")
set(PARAM82 "131072;\"1073479681\";18014398492704769,18014398491918337,18014398484316161,18014398476451841,18014398472519681,18014398470946817,18014398463868929,18014398458888193,18014398446305281,18014398438440961,18014398431363073,18014398429003777,18014398411964417,18014398403051521,18014398401740801,18014398399905793,18014398397546497,18014398393876481,18014398391255041,18014398388371457,18014398385750017,18014398382866433,18014398381817857,18014398378147841,18014398370807809,18014398360846337,18014398358224897,18014398357700609,18014398351933441,18014398351409153,18014398349049857,18014398345117697,18014398343544833,18014398326767617,18014398326243329,18014398323884033,18014398322835457,18014398317330433,18014398313660417,18014398311301121,18014398311038977,18014398307368961,18014398300028929,18014398298718209,68718428161,68712923137,68711350273,68710039553,68709253121;144115188075593729,144115188068253697,144115188067729409,144115188059865089,144115188057243649,144115188050952193,144115188049379329,144115188044660737,144115188022640641,144115188017135617,144115187995115521,144115187991183361,144115187990659073,144115187982794753,144115187980173313;3;1152921504606584833,1152921504598720513,1152921504592429057,1152921504581419009,1152921504580894721,1152921504578273281,1152921504577748993,1152921504577486849,1152921504568836097,1152921504565166081,1152921504563331073,1152921504556515329,1152921504555466753,1152921504554156033,1152921504552583169,1152921504542883841,1152921504538951681,1152921504537378817,1152921504531873793,1152921504521650177,1152921504509853697,1152921504508280833,1152921504506970113,1152921504495697921,1152921504491241473,1152921504488620033,1152921504479444993,1152921504470794241,1152921504468172801,1152921504462929921,1152921504462667777,1152921504455589889,1152921504447987713,1152921504442482689,1152921504436191233,1152921504427278337,1152921504419414017,1152921504409190401,1152921504403947521,1152921504396869633,1152921504395821057,1152921504373014529,1152921504369344513,1152921504368558081,1152921504364625921,1152921504362790913,1152921504361218049,1152921504353615873,1152921504337887233,1152921504337625089,1152921504321372161,1152921504314032129,1152921504303022081,1152921504301449217,1152921504288342017,1152921504287293441,1152921504286769153,1152921504282836993,1152921504274972673,1152921504266321921,1152921504256622593,1152921504253739009,1152921504245088257,1152921504241942529,1152921504240107521,1152921504239583233,1152921504238010369,1152921504234078209,1152921504231718913,1152921504230670337,1152921504227524609,1152921504214417409;1;3")

foreach(idx RANGE 82)
	list(GET PARAM${idx} 0 TIIFHE_N)
	list(GET PARAM${idx} 1 TIIFHE_T)
	list(GET PARAM${idx} 2 TIIFHE_Q)
	list(GET PARAM${idx} 3 TIIFHE_P)
	list(GET PARAM${idx} 4 TIIFHE_OMEGA)
	list(GET PARAM${idx} 5 TIIFHE_E)
	list(GET PARAM${idx} 6 TIIFHE_OMEGA2)

	include(fhelib/params.cmake)
	configure_file(fhelib/src/config.h.in ${idx}/config.h)

	add_library(tiifhe${idx} SHARED
		fhelib/src/tiifhe.h
		fhelib/src/bgv.h
		fhelib/src/bgv.c
		fhelib/src/msg_mpz.h
		fhelib/src/msg_mpz.c
		fhelib/src/ring_hexl.h
		fhelib/src/ring_hexl.cpp
		fhelib/src/random.h
		fhelib/src/random.c
		fhelib/src/util.h
		fhelib/src/util.c)
	target_link_libraries(tiifhe${idx} crypto gmp hexl ssl)
	target_include_directories(tiifhe${idx} PUBLIC fhelib/src)
	target_include_directories(tiifhe${idx} PUBLIC ${CMAKE_BINARY_DIR}/${idx})
endforeach()

# single
foreach(idx RANGE 0 33)
	add_executable(single${idx} bench.cpp ksw.h ksw.c)
	target_compile_definitions(single${idx} PUBLIC OWL_KEYSWITCH=keyswitch_single OWL_FOLD=0)
	target_link_libraries(single${idx} benchmark pthread tiifhe${idx})
endforeach()

# folded
foreach(idx RANGE 0 33)
	add_executable(folded${idx} bench.cpp ksw.h ksw.c)
	target_compile_definitions(folded${idx} PUBLIC OWL_KEYSWITCH=keyswitch_single_folded OWL_FOLD=1)
	target_link_libraries(folded${idx} benchmark pthread tiifhe${idx})
endforeach()

# double
foreach(idx RANGE 34 58)
	add_executable(double${idx} bench.cpp ksw.h ksw.c)
	target_compile_definitions(double${idx} PUBLIC OWL_KEYSWITCH=keyswitch_double OWL_FOLD=1)
	target_link_libraries(double${idx} benchmark pthread tiifhe${idx})
endforeach()

# switch
foreach(idx RANGE 59 82)
	list(GET PARAM${idx} 7 switch)
	add_executable(switch${idx} switch.cpp ksw.h ksw.c)
	target_compile_definitions(switch${idx} PUBLIC OWL_BENCH_SWITCH=${switch})
	target_link_libraries(switch${idx} benchmark pthread tiifhe${idx})
endforeach()
